**************** upd_heavy ****************
[33, 44, 70, 85, 130, 134, 135, 137, 140]
******* 3 *******
11.933 11.936 12.274 12.342 15.191 15.313 15.815 16.574 17.718 45.390 
ratio= 0.8839800230503265
******* 7 *******
5.451 5.643 5.722 7.006 7.433 8.097 8.243 8.400 11.791 26.978 
ratio= 0.9454475605071072
******* 8 *******
6.079 6.094 6.389 6.762 6.950 7.747 7.940 12.823 17.294 79.100 
ratio= 0.9446792162888974
******* 9 *******
3.633 4.275 4.688 4.769 4.990 6.254 6.418 9.898 14.196 46.367 
ratio= 0.9373799462159047
******* 15 *******
5.114 5.434 5.793 5.880 6.146 6.156 6.448 11.519 11.731 15.980 
ratio= 0.9466000768344218
******* 16 *******
4.776 4.803 4.966 4.989 5.902 6.158 6.594 9.462 12.641 19.467 
ratio= 0.9496734537072609
******* 17 *******
4.275 4.314 4.769 5.064 5.508 6.188 6.934 7.123 12.036 12.040 
ratio= 0.9485209373799462
******* 18 *******
4.436 4.556 4.670 4.769 5.530 5.861 6.095 8.595 10.250 11.279 
ratio= 0.9446792162888974
******* 19 *******
4.669 4.769 4.942 6.227 6.262 6.560 7.108 7.270 7.643 35.909 
ratio= 0.9446792162888974
******* 21 *******
4.553 4.769 5.154 5.836 6.384 6.742 6.785 7.299 7.625 22.829 
ratio= 0.9435266999615828
******* 23 *******
8.645 8.824 9.797 10.812 13.592 14.312 18.861 29.899 33.992 121.048 
ratio= 0.9247022666154437
******* 24 *******
4.180 4.275 4.769 4.941 6.025 6.097 6.500 7.444 10.530 17.915 
ratio= 0.9408374951978487
******* 25 *******
4.863 5.667 5.842 5.887 7.717 7.813 8.081 8.762 10.015 17.801 
ratio= 0.9404533230887437
******* 27 *******
5.690 5.822 5.886 6.668 6.888 7.516 11.309 13.193 13.691 16.554 
ratio= 0.9412216673069536
******* 30 *******
4.725 4.769 4.913 4.961 6.053 7.892 7.977 10.016 184.053 607.612 
ratio= 0.9454475605071072
******* 31 *******
4.769 4.944 5.082 5.252 5.387 5.618 5.819 23.604 81.298 118.951 
ratio= 0.9427583557433731
******* 32 *******
5.039 5.074 5.323 5.668 6.548 6.866 11.709 26.149 61.070 83.355 
ratio= 0.9481367652708413
******* 35 *******
4.423 4.769 5.529 5.685 6.712 7.170 13.342 23.397 54.734 57.490 
ratio= 0.9412216673069536
******* 36 *******
4.349 4.611 4.637 4.669 4.769 5.216 7.927 10.770 12.440 82.533 
ratio= 0.9469842489435267
******* 38 *******
4.885 4.985 5.226 5.640 5.751 6.164 12.577 19.180 149.226 254.737 
ratio= 0.9442950441797926
******* 39 *******
4.769 5.081 5.377 6.294 8.025 8.188 9.719 15.925 421.729 607.506 
ratio= 0.9431425278524779
******* 47 *******
4.769 5.223 5.731 6.103 6.370 7.511 8.097 14.277 1615.167 6561.127 
ratio= 0.9458317326162121
******* 51 *******
4.769 5.176 5.605 5.760 5.772 7.750 10.914 35.871 66795.263 2722148.237 
ratio= 0.9519784863618901
******* 52 *******
6.296 6.455 6.567 7.250 8.098 11.006 14.373 321.216 192273.703 54914455.959 
ratio= 0.9339223972339609
******* 54 *******
4.769 4.873 4.946 5.101 5.434 7.071 8.311 9.573 20.601 3910.759 
ratio= 0.9477525931617364
******* 58 *******
4.769 5.470 5.899 7.067 8.141 8.855 9.974 76.531 290365.508 322053738.437 
ratio= 0.9446792162888974
******* 61 *******
4.769 5.359 5.410 5.680 7.645 7.708 7.927 10.322 10.529 13.883 
ratio= 0.9431425278524779
******* 68 *******
5.296 5.318 5.710 5.807 6.165 8.411 8.976 13.807 7887.995 2396892.717 
ratio= 0.9377641183250096
******* 70 *******
4.974 5.124 7.091 7.246 7.643 7.827 10.029 11.170 5695.099 26808.486 
ratio= 0.9446792162888974
******* 71 *******
4.828 4.835 5.244 5.550 5.575 6.641 6.872 13.657 17973.929 81942.118 
ratio= 0.9431425278524779
******* 72 *******
4.744 4.769 4.870 5.270 5.567 5.570 10.605 11.000 90.227 487.689 
ratio= 0.9439108720706877
******* 75 *******
4.769 4.955 5.107 5.319 5.856 6.739 9.727 10.937 79445.954 554719.086 
ratio= 0.9454475605071072
******* 76 *******
4.769 5.373 5.884 5.919 7.106 9.232 10.281 20.380 1672259.860 4890744.719 
ratio= 0.9446792162888974
******* 77 *******
4.724 4.769 5.142 6.757 8.442 8.980 11.137 117.434 705184.761 16649943.706 
ratio= 0.9389166346523242
**************** ins_heavy ****************
[33, 37, 41, 43, 61, 87, 102, 113, 117, 122, 141]
******* 3 *******
12.451 13.237 13.509 14.592 15.204 17.762 19.350 19.698 24.244 79.491 
ratio= 0.9243180945063388
******* 4 *******
11.950 13.346 14.389 15.890 16.538 19.188 35.064 35.805 54.324 110.123 
ratio= 0.9235497502881291
******* 5 *******
11.791 12.655 12.816 12.992 13.601 15.011 15.283 21.602 23.975 60.588 
ratio= 0.9220130618517096
******* 6 *******
103.945 107.402 124.299 128.232 133.680 145.559 225.743 452.155 465.165 911.484 
ratio= 0.5812524010756819
******* 8 *******
24.217 29.948 38.247 39.309 46.628 55.535 90.844 146.278 159.162 290.418 
ratio= 0.8547829427583558
******* 13 *******
10.201 10.829 11.207 11.425 11.560 12.589 14.477 15.131 35.252 106.711 
ratio= 0.9419900115251633
******* 14 *******
7.683 7.894 8.981 9.866 11.561 11.987 15.863 16.788 28.511 126.469 
ratio= 0.9389166346523242
******* 16 *******
13.255 15.208 18.049 18.859 23.036 23.185 24.988 34.843 59.419 84.379 
ratio= 0.9281598155973876
******* 17 *******
16.148 16.285 19.063 20.176 20.914 21.932 28.581 41.264 64.504 184.457 
ratio= 0.9250864387245485
******* 21 *******
29.603 30.052 38.347 41.733 93.306 98.380 126.410 141.010 190.062 317.632 
ratio= 0.9124087591240876
******* 22 *******
11.687 14.175 15.280 16.952 17.145 18.449 34.061 114.072 133.691 140.118 
ratio= 0.9304648482520169
******* 23 *******
130.169 131.454 132.955 168.433 175.206 204.525 365.916 477.089 4887.547 46556.594 
ratio= 0.8106031502112947
******* 25 *******
25.302 26.666 30.028 56.754 61.059 106.133 119.098 127.039 194.706 723.110 
ratio= 0.9197080291970803
******* 27 *******
12.315 12.354 12.662 13.240 22.157 23.002 37.502 82.350 148.434 233.356 
ratio= 0.939684978870534
******* 28 *******
221.602 260.558 320.899 349.406 393.091 467.427 495.144 788.618 5434.764 10267.392 
ratio= 0.8432577794852094
******* 29 *******
99.124 102.980 113.909 128.744 252.936 285.903 405.526 1132.478 1956.782 163576.566 
ratio= 0.8828275067230119
******* 30 *******
341.739 360.603 443.934 527.082 714.668 1193.617 1207.048 2421.722 3680.714 4092.579 
ratio= 0.8355743373031118
******* 31 *******
52.024 81.794 83.865 102.137 119.348 141.600 206.256 296.794 304.036 1806.876 
ratio= 0.907798693814829
******* 32 *******
49.321 52.708 54.784 58.550 60.079 64.534 175.694 218.566 409.180 629.142 
ratio= 0.9024202842873608
******* 33 *******
97.354 106.249 109.738 179.196 245.347 344.804 392.889 406.965 801.064 5836.696 
ratio= 0.8916634652324241
******* 35 *******
23.322 24.391 25.747 36.965 44.645 199.732 203.683 235.438 349.747 437.743 
ratio= 0.9320015366884364
******* 39 *******
99.819 112.172 113.421 115.758 120.823 255.023 359.100 741.133 3989.222 141688.958 
ratio= 0.8839800230503265
******* 41 *******
27.330 27.999 30.478 35.108 43.386 59.076 109.286 524.302 882050.051 71114531.821 
ratio= 0.9258547829427584
******* 42 *******
16.182 19.642 20.096 30.142 39.346 48.450 115.383 522.378 24733.525 1664362.401 
ratio= 0.9212447176334998
******* 51 *******
27.712 45.600 46.822 58.474 93.449 218.271 300.056 795.440 60982.840 464300.861 
ratio= 0.9135612754514022
******* 57 *******
11.912 13.238 16.012 30.711 38.751 66.834 89.853 154.977 246.603 270.703 
ratio= 0.9346907414521706
******* 59 *******
14.487 15.757 19.643 22.732 26.218 32.888 42.236 246.105 29939.101 1202671.223 
ratio= 0.9442950441797926
******* 60 *******
43.080 53.051 74.391 112.944 152.815 390.957 427.699 629.157 834.694 1048.943 
ratio= 0.8897426046868997
******* 62 *******
33.674 50.695 54.917 85.292 87.031 103.043 290.273 488.963 373780.338 17187093.423 
ratio= 0.9189396849788706
******* 63 *******
11.349 23.482 24.080 26.811 33.375 44.678 84.163 309.763 158927.817 15167443.192 
ratio= 0.9389166346523242
******* 64 *******
10.415 11.100 12.068 23.401 27.830 50.024 111.082 138.054 687290.782 32612122.662 
ratio= 0.933154053015751
******* 67 *******
13.276 13.595 28.453 31.832 34.532 34.565 72.257 309.466 449252.705 58722256.819 
ratio= 0.9408374951978487
******* 72 *******
38.131 53.820 89.044 95.171 140.984 324.045 378.806 1197.414 3613068.085 968625886.398 
ratio= 0.9116404149058779
******* 76 *******
54.944 56.449 56.595 70.727 107.390 244.919 413.032 721.296 397894.397 133379428.402 
ratio= 0.9108720706876681
******* 77 *******
23.766 30.249 31.198 49.786 105.489 217.022 4027.887 652157.486 24490435.395 104164637.820 
ratio= 0.9281598155973876
**************** dist_shift ****************
[11, 27, 53, 54, 69, 73, 93, 102, 119, 123]
******* 3 *******
11.138 12.382 13.164 13.194 14.102 14.548 14.600 18.131 21.992 37.664 
ratio= 0.9285439877064925
******* 4 *******
10.430 10.475 11.535 13.557 16.967 20.724 20.809 28.644 28.795 39.458 
ratio= 0.8951210142143681
******* 6 *******
13.207 14.234 14.594 18.269 26.287 26.519 26.594 49.931 59.663 82.419 
ratio= 0.9081828659239339
******* 12 *******
5.628 5.999 6.441 6.670 8.742 9.280 10.457 10.996 17.559 31.055 
ratio= 0.9385324625432193
******* 13 *******
7.502 8.903 8.911 10.773 11.432 12.246 13.270 14.173 17.764 24.571 
ratio= 0.914329619669612
******* 14 *******
14.811 15.396 15.406 17.985 18.990 22.175 24.357 31.392 43.513 71.940 
ratio= 0.9124087591240876
******* 15 *******
14.694 16.401 20.884 23.328 23.840 26.141 28.475 32.861 37.872 71.691 
ratio= 0.8720706876680753
******* 18 *******
19.361 24.431 25.280 25.305 31.992 33.264 35.121 77.457 109.251 378.321 
ratio= 0.9135612754514022
******* 19 *******
17.458 17.939 21.216 22.406 27.751 27.911 39.858 65.903 68.750 77.915 
ratio= 0.9054936611601998
******* 23 *******
97.307 111.474 125.917 144.864 169.044 181.761 262.084 386.913 626.892 759.724 
ratio= 0.8301959277756434
******* 25 *******
18.543 19.819 36.486 37.487 56.821 57.263 58.865 59.190 158.468 186.301 
ratio= 0.8885900883595851
******* 26 *******
73.555 75.561 82.063 90.690 125.690 231.660 305.036 361.030 964.876 12757.824 
ratio= 0.8209757971571264
******* 29 *******
8.552 9.348 10.075 11.063 11.829 16.045 42.749 49.940 160.313 257.014 
ratio= 0.9369957741067998
******* 30 *******
12.409 14.803 14.993 19.061 22.903 27.306 30.648 71.617 163.465 322.005 
ratio= 0.9189396849788706
******* 31 *******
6.670 7.087 7.139 8.274 8.581 11.161 20.336 31.781 64.775 241.282 
ratio= 0.933154053015751
******* 33 *******
5.950 6.043 6.670 7.935 9.451 9.827 14.420 26.271 78.290 206.080 
ratio= 0.9381482904341145
******* 34 *******
7.860 8.184 8.573 8.760 9.066 12.075 23.229 23.670 246.357 781.912 
ratio= 0.9346907414521706
******* 35 *******
8.075 8.338 9.006 9.091 9.129 12.400 21.251 28.551 116.681 427.998 
ratio= 0.9362274298885901
******* 39 *******
7.211 7.531 7.713 8.574 12.833 14.529 19.957 31.870 33.471 753.294 
ratio= 0.9346907414521706
******* 40 *******
5.950 6.670 6.796 8.427 9.942 10.721 14.100 16.078 20.214 169.385 
ratio= 0.9400691509796388
******* 41 *******
6.670 7.258 7.585 8.388 12.046 12.135 19.481 23.898 24.149 6925.506 
ratio= 0.9373799462159047
******* 42 *******
6.670 7.137 7.521 7.639 11.365 13.706 18.257 20.891 31.100 165.416 
ratio= 0.9354590856703804
******* 43 *******
12.621 12.757 14.353 15.760 18.615 18.891 32.761 45.506 54.886 4715.604 
ratio= 0.9024202842873608
******* 44 *******
8.451 8.848 9.011 9.666 19.181 21.611 24.707 30.222 34.791 1956.994 
ratio= 0.9320015366884364
******* 50 *******
10.235 11.873 13.177 13.214 20.607 29.194 33.672 56.615 91.514 17145.254 
ratio= 0.9262389550518633
******* 51 *******
7.203 7.353 10.073 11.300 11.465 19.448 20.746 31.968 106.265 64742.274 
ratio= 0.9312331924702266
******* 53 *******
6.670 6.942 9.043 9.460 12.428 13.396 16.789 19.960 45.502 2438.624 
ratio= 0.9343065693430657
******* 54 *******
7.497 7.719 9.129 10.974 14.616 15.025 16.047 26.478 31.515 1970.574 
ratio= 0.9350749135612755
******* 56 *******
6.746 7.626 7.741 9.540 10.879 13.265 21.745 24.626 237.998 110685.439 
ratio= 0.9381482904341145
******* 58 *******
11.136 11.313 11.464 12.718 16.071 16.598 65.267 66.692 351.820 32951.200 
ratio= 0.9327698809066461
******* 61 *******
7.657 8.371 8.498 10.776 12.785 13.838 18.742 32.879 42.268 1976.214 
ratio= 0.936611601997695
******* 62 *******
11.358 11.464 12.536 13.216 15.731 17.378 17.923 33.155 907.275 87662.545 
ratio= 0.9343065693430657
******* 63 *******
6.817 7.130 8.501 14.159 14.226 14.439 30.306 32.644 890802.073 inf 
ratio= 0.9354590856703804
******* 64 *******
7.843 8.247 9.484 10.075 10.920 16.251 17.745 19.327 45.735 1116.790 
ratio= 0.933154053015751
******* 65 *******
8.117 8.273 10.580 15.093 17.866 32.321 421.608 2351.386 8835514.304 inf 
ratio= 0.9304648482520169
******* 67 *******
6.760 6.931 7.952 8.228 13.862 20.598 22.497 27.056 5990571.701 16338428.146 
ratio= 0.9346907414521706
******* 71 *******
7.210 7.731 8.183 9.271 9.693 10.634 14.071 33.017 48.107 31757.398 
ratio= 0.9369957741067998
******* 72 *******
6.670 7.080 8.518 10.400 12.727 13.106 13.404 18.784 53.400 273962.596 
ratio= 0.9354590856703804
******* 74 *******
6.300 6.345 6.473 6.670 6.853 11.156 15.771 16.613 29.775 44287.737 
ratio= 0.9354590856703804
******* 75 *******
7.130 8.393 8.408 8.533 8.533 12.534 13.622 16.500 35.321 7775.873 
ratio= 0.9377641183250096
**************** static ****************
[30, 31, 34, 38, 47, 49, 52, 58, 68, 69, 105, 107, 108, 120, 122, 123, 126, 135, 136, 140, 141, 142, 143]
******* 3 *******
38.624 42.240 42.723 45.761 46.683 48.163 52.389 102.947 108.511 112.734 
ratio= 0.9150979638878217
******* 4 *******
31.215 31.446 36.849 40.948 45.783 47.979 55.066 60.944 74.929 96.875 
ratio= 0.9250864387245485
******* 5 *******
24.666 26.231 27.965 28.013 28.470 34.966 39.543 79.826 80.748 124.909 
ratio= 0.9243180945063388
******* 6 *******
32.480 38.275 39.108 48.286 48.648 52.972 67.785 91.361 109.390 168.174 
ratio= 0.9231655781790242
******* 9 *******
63.621 64.688 73.108 93.979 102.203 102.934 127.492 195.706 227.908 988.478 
ratio= 0.8935843257779486
******* 16 *******
22.136 22.393 25.125 29.697 32.814 33.448 35.483 54.510 72.077 89.789 
ratio= 0.9247022666154437
******* 18 *******
17.219 21.523 22.136 22.393 25.447 26.880 29.208 29.487 35.081 35.180 
ratio= 0.9285439877064925
******* 24 *******
16.233 16.344 17.734 19.244 22.136 22.393 25.776 26.290 55.776 138.161 
ratio= 0.9343065693430657
******* 25 *******
31.419 35.870 36.548 37.245 37.245 39.557 51.909 70.723 138.636 211.118 
ratio= 0.9281598155973876
******* 29 *******
18.660 18.917 21.270 22.136 22.393 27.230 28.991 31.575 69.875 70.401 
ratio= 0.9312331924702266
******* 32 *******
16.381 17.385 22.136 22.393 22.851 24.554 26.002 27.880 29.241 30.479 
ratio= 0.9385324625432193
******* 33 *******
13.515 14.405 22.136 22.393 27.575 27.575 36.699 42.670 51.961 86.030 
ratio= 0.9343065693430657
******* 35 *******
13.493 14.167 19.940 22.136 22.393 22.469 23.481 23.626 24.316 33.857 
ratio= 0.9312331924702266
******* 38 *******
22.136 22.393 24.523 24.539 32.683 37.862 39.276 48.680 94.245 176.580 
ratio= 0.9312331924702266
******* 41 *******
14.067 18.133 21.075 22.136 22.393 30.377 35.371 49.020 53.630 98.039 
ratio= 0.9343065693430657
******* 42 *******
17.919 19.472 22.136 22.393 29.386 33.676 65.954 68.557 70.806 92.106 
ratio= 0.9285439877064925
******* 47 *******
19.922 19.922 22.136 22.393 30.704 50.337 51.297 83.155 93.581 141.832 
ratio= 0.9247022666154437
******* 53 *******
16.228 18.569 18.843 20.864 22.136 22.393 22.531 45.022 49.520 71.582 
ratio= 0.933538225124856
******* 60 *******
14.520 17.415 17.853 18.958 22.136 22.393 24.182 45.512 132.051 201.200 
ratio= 0.9343065693430657
******* 62 *******
10.419 14.986 17.668 22.136 22.393 24.090 27.182 28.254 1022.249 1796.942 
ratio= 0.930080676142912
******* 65 *******
9.325 10.492 10.528 12.008 16.195 22.136 22.393 24.082 2884.156 4185.357 
ratio= 0.9362274298885901
******* 67 *******
13.675 16.407 18.749 19.522 22.136 22.393 23.171 59.993 3221.274 4268.517 
ratio= 0.9312331924702266
******* 68 *******
18.360 19.970 20.560 22.136 22.393 22.910 22.993 51.527 3426.488 6393.586 
ratio= 0.9293123319247023
******* 77 *******
12.855 15.299 15.715 18.601 20.470 22.136 22.393 27.449 8326.398 118675.315 
ratio= 0.9389166346523242
******* 79 *******
15.882 15.882 17.307 20.507 20.787 22.136 22.393 76.750 27015.706 913013.246 
ratio= 0.9412216673069536
