**************** upd_heavy ****************
[133, 21, 139, 31, 29, 14, 5, 117, 80, 82, 33, 44, 70, 85, 130, 134, 135, 137, 140]
******* 3 *******
16.090 19.156 20.388 22.294 32.773 36.863 38.646 48.880 74.279 915.587 
ratio= 0.9446792162888974
******* 4 *******
73.848 85.466 91.206 106.026 146.567 177.665 201.586 781.536 1411.504 10390.835 
ratio= 0.7418363426815213
******* 7 *******
18.421 20.321 22.673 24.416 24.726 46.116 57.349 158.097 263.282 2579.494 
ratio= 0.9354590856703804
******* 11 *******
19.518 25.174 26.309 29.424 32.509 39.664 73.701 83.123 126.383 1681.016 
ratio= 0.9408374951978487
******* 12 *******
17.192 21.259 22.860 28.344 30.899 45.799 69.703 111.991 170.525 1453.375 
ratio= 0.9481367652708413
******* 14 *******
19.815 20.894 23.560 41.930 43.177 56.837 181.380 268.540 464.300 1572.804 
ratio= 0.9358432577794852
******* 15 *******
19.896 22.527 23.986 27.751 30.642 35.185 63.219 68.290 115.448 1541.055 
ratio= 0.9442950441797926
******* 18 *******
21.253 26.309 28.030 32.128 33.468 35.881 51.631 158.811 210.231 587.349 
ratio= 0.9339223972339609
******* 20 *******
17.915 17.989 23.100 26.605 29.340 31.685 51.554 52.347 80.194 917.405 
ratio= 0.9458317326162121
******* 21 *******
24.178 25.768 40.895 44.573 56.175 59.162 69.971 93.804 144.558 1817.871 
ratio= 0.9277756434882828
******* 23 *******
16.553 23.991 26.840 35.488 51.612 63.085 75.837 157.995 178.225 1201.527 
ratio= 0.9427583557433731
******* 24 *******
19.769 20.591 24.784 25.976 27.483 36.203 41.167 54.345 143.094 586.838 
ratio= 0.9469842489435267
******* 26 *******
20.855 21.799 28.975 34.369 42.230 43.685 51.766 73.521 100.156 974.267 
ratio= 0.9450633883980023
******* 27 *******
16.870 18.183 22.213 23.619 23.815 28.960 41.223 72.443 73.423 818.271 
ratio= 0.9477525931617364
******* 28 *******
18.594 22.013 24.833 27.375 28.990 29.888 98.628 159.133 260.967 1305.047 
ratio= 0.9439108720706877
******* 29 *******
21.335 21.618 22.327 24.852 25.532 25.713 38.420 330.008 371.169 432.710 
ratio= 0.9481367652708413
******* 32 *******
18.241 18.859 26.218 28.348 29.456 33.777 79.134 497.100 954.285 1702.174 
ratio= 0.9442950441797926
******* 33 *******
18.998 21.513 23.528 24.962 27.729 29.514 33.035 41.299 53.729 519.843 
ratio= 0.9481367652708413
******* 34 *******
16.284 17.269 26.832 30.438 30.654 53.635 273.000 2701.538 5016.839 41325.940 
ratio= 0.9439108720706877
******* 35 *******
19.828 20.285 21.092 24.709 26.811 77.977 79.953 855.213 1708.777 5062.354 
ratio= 0.9481367652708413
******* 36 *******
16.368 16.762 19.589 23.980 27.425 34.210 166.605 1687.121 1818.591 1832.590 
ratio= 0.9431425278524779
******* 40 *******
21.091 21.534 22.663 25.330 25.946 41.817 127.214 501.103 1135.252 28248.285 
ratio= 0.9439108720706877
******* 41 *******
18.477 18.909 19.254 26.015 32.605 40.148 60.700 626.556 1174.250 1794.746 
ratio= 0.9408374951978487
******* 50 *******
18.451 20.047 26.813 27.529 38.417 40.934 84.352 810.071 52072275.516 inf 
ratio= 0.9427583557433731
******* 51 *******
15.691 16.505 20.309 22.779 24.714 27.567 82.110 675.277 184695.872 462859.824 
ratio= 0.9442950441797926
******* 53 *******
14.612 16.955 17.856 22.390 22.791 25.909 79.595 488.332 7673.545 16882.716 
ratio= 0.9446792162888974
******* 57 *******
18.414 22.396 23.855 24.206 28.748 30.182 30.549 30.860 34.072 322.469 
ratio= 0.9454475605071072
******* 59 *******
18.115 18.159 18.518 19.818 21.521 24.119 26.821 30.717 44.500 175.525 
ratio= 0.9485209373799462
******* 60 *******
16.999 23.232 24.534 25.682 26.142 29.163 34.241 38.957 294.158 734.301 
ratio= 0.9485209373799462
******* 61 *******
14.761 14.905 16.015 16.491 18.277 20.426 24.126 26.101 79.108 545.152 
ratio= 0.9450633883980023
******* 62 *******
15.949 17.063 18.694 19.123 25.886 27.256 28.489 28.824 343.909 1049.802 
ratio= 0.9446792162888974
******* 69 *******
13.833 15.026 17.780 19.063 19.599 21.944 22.895 25.539 80.874 709.134 
ratio= 0.9450633883980023
******* 70 *******
12.476 13.576 19.354 20.140 22.170 24.415 24.433 26.972 76.116 724.218 
ratio= 0.9462159047253169
******* 71 *******
14.604 16.454 19.397 20.678 23.278 25.184 42.272 43.231 68.330 575.656 
ratio= 0.9454475605071072
******* 74 *******
16.375 17.263 17.843 22.614 23.113 24.345 67.252 218.833 531.692 66295.186 
ratio= 0.9458317326162121
******* 77 *******
19.814 20.272 22.821 27.893 31.022 33.352 35.234 108.673 374.415 411835.537 
ratio= 0.9462159047253169
******* 79 *******
16.763 16.815 21.356 21.831 27.955 38.146 79.219 555.946 2848.932 30259.490 
ratio= 0.9454475605071072
**************** ins_heavy ****************
[42, 32, 116, 40, 115, 22, 66, 9, 58, 125, 33, 37, 41, 43, 61, 87, 102, 113, 117, 122, 141]
******* 3 *******
32.695 37.278 39.211 42.053 43.268 49.927 74.447 92.738 247.817 287.785 
ratio= 0.9416058394160584
******* 6 *******
83.850 87.397 162.159 221.784 304.494 392.483 435.167 599.029 832.430 1815.725 
ratio= 0.9277756434882828
******* 7 *******
1503.553 2123.563 2338.124 2458.497 2508.315 2755.253 6843.248 10997.482 23826.029 30497.513 
ratio= 0.33269304648482523
******* 8 *******
46.772 75.539 84.536 89.868 91.252 99.532 107.638 131.637 213.251 421.567 
ratio= 0.9408374951978487
******* 9 *******
107.039 116.271 120.833 128.456 179.880 256.853 287.507 319.183 465.749 1034.497 
ratio= 0.8997310795236266
******* 11 *******
62.944 66.721 72.036 76.600 103.575 116.780 199.293 263.128 320.707 921.612 
ratio= 0.9247022666154437
******* 13 *******
52.004 55.515 58.229 64.614 94.582 97.690 148.708 159.342 183.292 288.065 
ratio= 0.9273914713791779
******* 14 *******
128.518 230.863 479.919 480.848 521.567 746.821 819.344 1573.185 1998.644 4220.461 
ratio= 0.8885900883595851
******* 19 *******
45.164 48.007 51.183 52.428 52.814 65.125 119.283 152.963 171.717 306.410 
ratio= 0.9327698809066461
******* 20 *******
46.279 46.865 52.265 57.735 79.569 84.851 88.217 93.469 116.359 154.660 
ratio= 0.936611601997695
******* 22 *******
43.486 46.037 47.248 51.785 52.461 68.079 128.023 144.009 167.924 234.357 
ratio= 0.9343065693430657
******* 23 *******
70.076 72.347 84.995 95.190 111.661 124.760 125.426 131.155 182.991 563.288 
ratio= 0.9281598155973876
******* 25 *******
44.619 44.761 49.612 79.744 92.216 94.549 101.274 101.699 167.010 207.253 
ratio= 0.9369957741067998
******* 27 *******
63.383 64.816 70.871 92.806 100.289 160.008 180.348 251.444 379.965 663.199 
ratio= 0.9327698809066461
******* 28 *******
59.137 76.977 86.033 139.097 148.915 159.055 171.622 182.884 205.930 267.165 
ratio= 0.9320015366884364
******* 29 *******
54.231 55.103 92.153 100.640 106.493 121.047 154.668 156.024 195.458 261.189 
ratio= 0.9358432577794852
******* 32 *******
80.083 101.598 119.904 169.098 258.511 435.060 774.495 2039.761 5974.960 7655.934 
ratio= 0.9316173645793315
******* 33 *******
51.060 65.561 66.679 90.283 116.526 125.649 295.259 342.805 452.650 590.619 
ratio= 0.9423741836342682
******* 35 *******
106.718 112.420 113.458 115.976 131.344 158.258 171.019 239.717 308.364 418.112 
ratio= 0.9262389550518633
******* 36 *******
80.418 115.279 117.681 120.283 144.772 160.355 477.050 687.399 834.592 1439.740 
ratio= 0.9346907414521706
******* 37 *******
48.001 53.333 55.111 91.549 103.037 135.946 147.282 242.450 5263.400 20952.490 
ratio= 0.9412216673069536
******* 38 *******
82.820 94.259 102.951 109.255 133.406 189.487 243.802 394.059 852.938 1212.115 
ratio= 0.9404533230887437
******* 41 *******
22.956 28.010 39.943 40.033 43.550 52.642 61.624 67.533 105.837 184.989 
ratio= 0.9350749135612755
******* 42 *******
51.039 67.635 76.087 90.895 93.930 122.742 167.562 1068.952 14858.415 128596.012 
ratio= 0.9316173645793315
******* 43 *******
66.989 68.110 86.518 92.792 108.863 112.716 171.771 4088.438 155062.682 3897349.471 
ratio= 0.9327698809066461
******* 45 *******
51.264 55.878 66.647 67.978 103.186 125.552 146.499 6923.235 432197.638 10892390.073 
ratio= 0.9350749135612755
******* 46 *******
57.141 88.278 98.159 133.544 208.913 491.758 799.302 2136.324 2870.850 20884.695 
ratio= 0.9346907414521706
******* 47 *******
42.811 53.515 85.060 100.440 103.697 157.462 273.060 11158.806 762822.900 16568959.850 
ratio= 0.9389166346523242
******* 49 *******
64.684 67.695 98.465 99.456 118.033 124.418 173.698 6098.175 inf inf 
ratio= 0.9389166346523242
******* 51 *******
66.764 70.553 75.795 80.510 124.026 142.216 145.527 5966.931 4384266.046 34032322.573 
ratio= 0.9343065693430657
******* 52 *******
95.007 100.659 103.530 181.332 191.543 201.303 373.949 144152.386 2445748.750 28383555.651 
ratio= 0.9296965040338071
******* 53 *******
85.809 96.493 158.066 170.313 178.630 228.422 313.620 34329.791 inf inf 
ratio= 0.930080676142912
******* 61 *******
85.617 102.330 141.535 168.565 179.485 195.209 330.090 324712.822 2153390.748 inf 
ratio= 0.9323857087975413
******* 64 *******
85.255 91.807 102.081 130.437 163.237 194.480 644.829 35910.818 147464493.798 inf 
ratio= 0.9320015366884364
******* 65 *******
68.849 89.418 108.689 124.471 138.201 187.975 441.167 225905.103 inf inf 
ratio= 0.930080676142912
******* 69 *******
128.429 136.789 190.169 237.703 356.874 491.447 553.780 818.077 inf inf 
ratio= 0.9316173645793315
******* 72 *******
41.444 50.583 57.922 61.413 66.467 90.539 216.554 377.708 231541.585 2846275.103 
ratio= 0.9408374951978487
******* 73 *******
51.640 82.952 86.202 88.228 108.643 109.089 1775.454 35967.194 inf inf 
ratio= 0.9373799462159047
**************** dist_shift ****************
[118, 43, 101, 82, 136, 24, 65, 81, 18, 138, 11, 27, 53, 54, 69, 73, 93, 102, 119, 123]
******* 3 *******
40.833 49.180 51.583 54.046 65.344 66.242 94.140 151.952 163.080 300.771 
ratio= 0.8962735305416827
******* 5 *******
17.855 23.821 26.127 27.871 49.136 52.165 52.187 56.425 163.336 229.477 
ratio= 0.9285439877064925
******* 6 *******
49.321 49.920 54.084 56.472 57.571 59.125 74.123 102.438 305.694 521.468 
ratio= 0.8432577794852094
******* 7 *******
20.651 28.872 30.038 36.184 40.185 84.165 88.093 96.593 105.832 134.896 
ratio= 0.9043411448328851
******* 8 *******
74.101 75.171 97.803 100.599 115.235 122.493 129.792 155.221 183.574 358.714 
ratio= 0.755666538609297
******* 10 *******
20.935 23.146 25.958 35.208 39.770 42.809 68.221 106.915 139.664 510.944 
ratio= 0.9012677679600462
******* 13 *******
22.413 27.612 30.232 37.950 44.905 46.056 80.012 148.222 164.203 850.479 
ratio= 0.9170188244333461
******* 14 *******
17.026 19.200 22.712 40.167 48.034 56.982 66.664 119.251 181.438 629.685 
ratio= 0.9185555128697657
******* 15 *******
29.655 30.351 49.308 57.802 63.102 70.902 111.834 151.584 197.268 619.294 
ratio= 0.9181713407606608
******* 16 *******
32.036 32.262 34.558 41.416 60.495 66.165 76.736 128.319 237.463 484.184 
ratio= 0.8882059162504802
******* 17 *******
21.763 21.965 30.049 50.833 75.360 76.338 85.807 210.472 224.084 825.847 
ratio= 0.9285439877064925
******* 18 *******
18.823 21.283 31.268 42.309 78.295 81.078 90.871 229.132 272.857 1005.749 
ratio= 0.9189396849788706
******* 19 *******
53.575 58.522 67.813 99.015 109.458 117.227 119.189 132.807 250.384 285.978 
ratio= 0.879369957741068
******* 21 *******
28.083 29.973 35.924 40.976 47.359 56.004 103.160 280.987 362.001 1760.747 
ratio= 0.9243180945063388
******* 22 *******
30.987 42.368 53.007 56.454 59.860 74.127 118.559 208.454 281.440 839.636 
ratio= 0.9308490203611218
******* 23 *******
33.169 37.471 38.931 38.948 60.867 79.357 107.284 276.281 357.338 1744.913 
ratio= 0.9293123319247023
******* 24 *******
29.338 44.639 59.241 70.787 85.192 96.354 150.577 270.747 349.105 1746.468 
ratio= 0.9162504802151363
******* 26 *******
30.007 31.468 33.665 51.018 81.273 94.703 105.542 234.377 364.147 1764.283 
ratio= 0.9320015366884364
******* 27 *******
24.592 38.623 46.267 65.598 76.173 134.788 192.999 347.821 513.247 2611.845 
ratio= 0.9289281598155974
******* 28 *******
33.499 58.791 60.522 65.930 108.666 154.047 254.485 287.238 843.291 883.115 
ratio= 0.9281598155973876
******* 30 *******
31.285 49.509 55.482 101.571 142.545 145.980 320.871 388.672 1459.308 2010.231 
ratio= 0.9177871686515559
******* 34 *******
31.211 32.956 49.512 113.434 133.814 359.280 498.108 553.799 1466.844 1843.544 
ratio= 0.9435266999615828
******* 35 *******
40.212 50.039 60.004 106.232 137.307 228.317 457.476 462.736 749.262 1498.262 
ratio= 0.9346907414521706
******* 36 *******
35.718 35.769 40.320 67.600 95.099 189.884 305.224 323.429 781.686 970.681 
ratio= 0.9312331924702266
******* 38 *******
40.588 41.045 55.166 65.185 68.686 103.962 197.623 251.652 395.059 1276.680 
ratio= 0.9320015366884364
******* 40 *******
27.224 30.182 30.343 76.813 95.229 316.572 319.600 1037.726 3978.072 5635.308 
ratio= 0.9393008067614291
******* 41 *******
44.153 54.780 55.334 58.651 67.230 110.763 165.439 266.933 712.621 1662.536 
ratio= 0.9385324625432193
******* 44 *******
36.331 37.867 57.497 99.486 162.559 172.820 300.334 685.594 2524.155 3268.078 
ratio= 0.9419900115251633
******* 45 *******
33.666 36.013 55.660 62.131 89.653 204.177 399.598 860.067 1630.327 6073.115 
ratio= 0.9381482904341145
******* 46 *******
27.219 32.589 41.309 46.878 48.912 61.348 193.893 207.954 296.789 1330.882 
ratio= 0.933538225124856
******* 47 *******
31.314 32.658 51.595 76.379 116.406 121.457 232.229 556.868 1983.940 3446.204 
ratio= 0.9362274298885901
******* 49 *******
43.270 47.928 55.055 82.856 96.894 106.209 163.821 283.419 467.341 1703.015 
ratio= 0.9327698809066461
******* 57 *******
21.697 25.206 31.544 33.903 42.660 97.290 98.120 333.382 510.057 1641.776 
ratio= 0.9435266999615828
******* 58 *******
22.539 30.373 30.640 31.944 37.713 96.354 104.392 298.269 541.558 2038.248 
ratio= 0.9381482904341145
******* 59 *******
24.825 35.816 38.538 63.879 102.460 118.940 151.628 284.737 606.481 1431.095 
ratio= 0.9431425278524779
******* 60 *******
27.070 38.920 39.566 44.677 55.419 59.928 106.397 173.704 321.694 1124.550 
ratio= 0.9312331924702266
******* 61 *******
27.672 30.631 38.958 39.650 58.963 61.961 99.246 198.475 367.199 1043.297 
ratio= 0.9369957741067998
******* 62 *******
30.307 33.891 36.175 59.838 86.470 90.211 140.465 256.643 480.581 1351.946 
ratio= 0.9462159047253169
******* 64 *******
30.930 31.759 33.450 46.164 83.468 110.049 217.995 360.406 769.278 3686.474 
ratio= 0.9377641183250096
******* 67 *******
25.529 31.276 34.815 74.557 85.419 213.085 393.984 1052.920 73623.442 inf 
ratio= 0.9400691509796388
**************** static ****************
[48, 119, 58, 121, 142, 47, 139, 69, 105, 50, 30, 31, 34, 38, 47, 49, 52, 58, 68, 69, 105, 107, 108, 120, 122, 123, 126, 135, 136, 140, 141, 142, 143]
******* 3 *******
421.693 439.798 680.158 1070.853 1485.823 4587.635 4744.661 30653.402 57465.284 352106.929 
ratio= 0.9031886285055705
******* 4 *******
338.360 525.008 777.652 941.173 1107.922 2108.504 2564.738 40322.161 62187.841 468529.250 
ratio= 0.930080676142912
******* 6 *******
306.889 571.994 1100.381 1627.685 2093.985 2321.550 4676.574 17672.971 69798.549 420370.000 
ratio= 0.9266231271609681
******* 10 *******
269.001 434.438 995.532 1328.817 2031.377 3507.349 4238.623 44945.323 114055.482 2088271.571 
ratio= 0.9385324625432193
******* 11 *******
75.588 183.324 371.749 530.604 780.409 864.874 2398.898 5686.720 19876.038 238574.411 
ratio= 0.9296965040338071
******* 13 *******
72.353 229.811 382.879 496.959 582.897 964.904 1406.564 3036.849 8320.919 101265.696 
ratio= 0.9427583557433731
******* 20 *******
103.035 195.368 520.443 540.913 1422.104 1571.462 2947.320 7897.872 41300.353 541574.500 
ratio= 0.9454475605071072
******* 26 *******
613.106 671.777 829.775 881.347 3291.707 5725.036 10735.426 11634.374 25478.100 507115.250 
ratio= 0.927007299270073
******* 33 *******
112.673 342.723 912.988 1162.906 2008.172 2274.939 4032.769 9285.610 63869.348 152040.732 
ratio= 0.9462159047253169
******* 39 *******
209.342 232.359 663.842 1084.669 1401.213 2756.218 5412.300 11449.697 68009.121 116030.857 
ratio= 0.9512101421436804
******* 40 *******
112.855 222.009 506.427 982.034 1084.320 1172.333 4978.839 12661.773 23351.710 34204.987 
ratio= 0.9423741836342682
******* 41 *******
70.132 94.023 124.636 125.124 160.746 511.671 1073.323 2987.898 3610.940 6164.679 
ratio= 0.9266231271609681
******* 49 *******
114.983 134.081 171.774 375.234 633.685 730.450 2145.538 5771.774 13825.312 15720.756 
ratio= 0.9454475605071072
******* 51 *******
62.188 72.254 91.978 329.529 729.904 827.325 5565.436 12398.863 12819.982 18801.539 
ratio= 0.9450633883980023
******* 52 *******
62.574 69.275 75.734 202.516 235.846 291.377 971.996 1588.014 5790.687 16588.821 
ratio= 0.9404533230887437
******* 58 *******
60.326 62.598 90.180 146.424 209.322 293.568 320.180 1023.295 1998.451 7335.819 
ratio= 0.9469842489435267
******* 60 *******
51.257 64.622 78.837 127.589 187.384 330.695 415.600 670.291 2769.461 9929.169 
ratio= 0.9404533230887437
******* 62 *******
69.241 88.121 92.225 180.557 253.314 498.321 3558.418 6619.476 8131.170 11325.632 
ratio= 0.9466000768344218
******* 64 *******
74.486 90.361 92.991 222.247 263.489 482.780 535.547 3186.245 3481.234 3896.581 
ratio= 0.9469842489435267
******* 65 *******
93.912 108.249 124.440 229.351 399.958 734.892 1152.739 1199.778 2136.849 3161.120 
ratio= 0.9442950441797926
******* 67 *******
85.759 86.288 120.552 137.339 181.463 471.996 601.785 1915.777 2612.715 6776.052 
ratio= 0.9466000768344218
******* 69 *******
67.921 75.752 97.467 257.089 486.996 505.635 747.152 1520.610 8644.684 18484.436 
ratio= 0.939684978870534
******* 71 *******
54.378 87.391 131.064 173.936 400.945 402.764 709.548 936.598 3491.818 15282.571 
ratio= 0.9462159047253169
******* 73 *******
87.865 99.476 149.679 313.942 391.903 495.807 538.128 844.482 1236.291 11485.657 
ratio= 0.9431425278524779
******* 76 *******
138.646 217.711 232.260 282.650 369.006 840.571 5879.278 14829.665 15973.316 42256.500 
ratio= 0.9496734537072609
******* 77 *******
263.617 305.700 502.007 1179.910 2125.713 2416.540 4875.676 15073.949 18029.680 109023.955 
ratio= 0.9481367652708413
******* 79 *******
160.134 177.158 178.800 286.911 538.707 700.153 3971.735 13981.263 16436.392 106111.510 
ratio= 0.9466000768344218
