58491
31470
29639
241138
58059
62067
9133
28585
127812
211543
8000
5166
29640
239805
58566
99083
222924
8780
28761
241165
127692
64708
8162
66450
28619
240305
128179
64454
31395
27780
1216
128214
222977
67631
58782
29158
241480
58784
128066
208785
8166
30938
1605
127658
218559
7195
8198
241104
58794
223161
29711
241517
210739
31198
27623
238957
57430
125936
223176
29466
58815
29168
966
58820
99241
223219
7503
66898
241027
128375
200734
7395
67750
241366
58819
223221
9748
29692
223344
65518
28299
55982
127498
223354
7510
9336
29740
192612
220237
67522
29546
58874
127959
223398
29037
128521
223398
7064
67795
241200
58154
128521
64380
27260
58678
7905
1239
26849
126188
67776
27162
241945
58893
99161
222971
7965
31561
29747
241308
58909
18525
29635
241997
6155
220410
30805
27746
1288
99419
223535
6791
9704
193312
128239
215096
7803
67173
29756
242068
128627
220276
29132
242078
58950
29761
127978
8183
67858
193366
58742
51336
30002
29487
59014
99475
48806
28118
58410
97932
31514
29787
99567
67922
29416
242429
98475
221809
67946
193717
127384
224044
29150
58124
9742
28581
242484
223466
31723
29003
193847
99334
51380
8205
7643
28638
242645
59076
31625
29484
242647
57803
18587
67221
29124
242337
57522
128935
7401
66495
29823
242731
128609
222100
7549
67712
29117
223885
8213
67900
128303
219447
7260
8270
242437
128990
224295
22043
1280
59144
127836
7276
9240
27767
193782
59144
18589
3119
26754
242891
127839
199800
29449
241496
129025
31768
29304
29835
242607
59165
99772
224392
660
29839
125103
23239
242932
57573
129087
224430
27420
1284
55460
67875
28849
241413
128667
9085
29600
243034
127495
8838
29852
59188
6184
218812
29670
129144
203509
8226
243133
128653
224587
8226
31090
194406
99449
65057
29887
243178
58704
68216
697
243304
58177
129243
224680
3889
28126
99907
67633
28676
242933
59261
129281
224745
7575
67120
29897
243374
58809
67806
768
29903
243426
58976
49705
8237
67838
27161
243492
68049
768
243588
128346
29596
243594
58599
128975
224981
8237
8666
193476
59328
224875
67976
29531
129450
27009
243296
59347
129487
68414
30822
27945
194907
59359
129531
225207
30412
29953
243806
129558
51536
7872
31599
29890
243173
99294
31738
7383
1968
29036
243964
100187
243989
225538
31385
29991
244194
100333
225627
7225
68415
243358
58464
100347
225677
7252
9628
30004
241408
59491
68604
7607
10040
27893
244056
8263
68334
29959
59504
129851
7232
1485
28444
126933
8266
68458
29422
59329
100209
30025
59513
129153
8270
31767
30026
59514
67894
30027
244524
35155
30026
244545
59451
68489
770
29704
1285
100441
225893
7744
68487
244588
59541
18681
29920
244602
59540
126205
225910
9876
29416
59355
100261
30039
129967
225931
28317
59570
129992
68697
8282
68494
25087
100511
29191
28475
100517
31761
59471
100541
28466
59604
100039
226107
29549
29135
244819
59614
130117
226210
8292
68564
244227
58964
31782
26538
244801
100579
7074
66643
130155
30985
29443
244989
59638
68585
770
30089
244996
130224
226436
68628
245051
226548
68503
29517
59717
31966
68657
29904
59558
100708
219960
66600
30095
59745
100743
7365
31208
26995
244917
129691
29719
244777
130428
31762
29064
245172
59806
7674
65796
29238
130462
8326
67876
59823
28174
30176
245642
59656
226939
29795
245039
59839
224657
36050
30182
100859
67796
30180
59658
31219
59846
130569
227145
10032
30191
245494
58226
18562
30198
25145
100652
227212
30105
245866
59875
129203
29949
59765
130668
227328
31838
29840
245955
203980
68095
27968
58374
101036
771
8342
68921
246063
59072
130728
227452
9938
29505
25168
59911
130730
8343
68988
29232
246079
59940
130766
6580
30384
30246
59941
6274
8346
8805
30247
246242
58551
227635
69045
774
29649
59954
220674
30681
29402
130855
31336
59997
101197
221203
9403
14827
60009
130769
355
23413
246458
130958
227794
29956
57851
130087
69422
31748
29890
65635
29562
246455
69180
28984
246726
101321
31859
29517
246731
130585
30902
29831
60070
101339
28243
1296
68704
29920
246817
60076
101351
29331
1292
