58690
128113
67454
30766
27729
192674
58151
67455
667
241159
210648
31179
27612
238638
57981
128153
64123
27192
58583
99254
28119
58696
128176
7121
1453
28173
127530
218276
7200
8193
240909
57112
99300
770
8166
67582
241311
127843
8983
29415
241375
99308
67148
28477
240943
57317
223226
67696
759
29166
128366
31651
28687
241247
128370
8180
66816
57362
125965
223313
29477
58115
127965
223326
8184
8526
191782
202896
66991
27577
58841
18329
3072
26691
241726
128486
26788
241368
99244
51258
8193
7585
28587
241749
99539
66807
29743
57830
128573
223607
3837
28007
223632
67702
29206
58897
128438
357
23284
241934
58827
67870
762
29444
1272
99646
31668
58756
99502
29772
64757
29059
242015
99692
242161
58954
67905
763
29774
242207
58245
128742
223885
9597
29138
24849
128096
219179
7259
8195
241845
58505
67562
764
29785
242231
57703
18380
67193
29105
241933
98645
221776
67941
193579
223360
31768
29013
193602
216955
65812
29763
59016
224009
29792
242393
59023
128641
209626
8233
30995
1627
59029
128880
224067
9694
29795
242125
99841
224087
7733
68004
242460
59033
128891
224087
8235
68005
241776
128212
8237
67987
193641
59049
221940
35253
29801
128931
224171
68017
128943
224196
28160
128967
31058
29166
242679
58945
99917
224259
8827
28907
242642
128988
31269
55348
67916
28806
241148
59100
129036
8260
68090
28843
242790
57482
129038
224363
27430
1289
59114
129072
224408
7583
67102
29840
242845
59125
100014
217547
9104
15002
127565
8780
29853
59138
129110
6516
30451
29854
59146
67601
29860
243008
129199
224639
22120
1283
99822
224643
29770
243125
56262
128249
224669
7588
9373
29868
193805
58996
31358
59184
18425
29767
243209
67724
29498
243240
59207
128539
8270
31907
29904
57336
128558
68078
31812
29545
100230
224942
6837
9714
194469
59247
129429
225065
30647
29921
243505
127055
68139
27324
243565
59088
100111
29928
129535
51661
7911
31813
29879
243046
225274
31586
29951
243791
58702
62468
9265
28865
129590
204834
8285
243819
59161
100370
222238
68135
29770
34756
29980
243950
129395
213690
8131
5196
29980
242545
6163
222435
31121
27971
1298
59389
31935
29652
244061
59391
29984
58466
9763
28740
244002
129470
223609
7621
68182
29305
59443
28077
29995
244283
125892
23390
244234
57858
129841
7476
67003
30001
244331
59461
100560
27963
1298
59466
29465
969
59491
100600
225902
660
30016
59286
8032
1240
27131
126892
8299
68536
29462
59520
219397
30945
29252
59517
129370
225971
29314
58837
31990
26635
244347
59519
100572
49228
28363
59524
129941
68453
8301
68545
25041
59525
128813
7336
9259
27931
195048
68550
28850
244500
59397
226051
29675
243901
58939
99073
31862
30041
59556
29501
244579
130084
65147
31839
28107
1233
59579
7629
65672
29166
130092
32061
29700
30051
244389
130091
222898
29424
244726
59613
100596
225821
8078
32012
30058
244200
59613
32072
68641
29851
129138
29738
244939
59637
128907
29840
100854
68707
29692
245019
59645
6196
8320
8645
30075
245034
100399
65593
30076
244907
59677
100415
226551
30076
29205
245114
100922
226577
7329
68739
244238
59681
18572
29982
245178
130317
204167
7524
68754
244879
130324
226656
29799
59707
68674
7643
9940
28022
244938
59710
226553
68530
29719
129978
218113
7953
68120
30125
245319
226410
8326
68714
59790
6216
221219
29973
59794
126704
226919
9756
29584
58079
18426
30163
25157
8339
68734
30110
101084
32236
29420
245605
101117
29721
28661
58842
101119
227088
7306
9561
30169
242678
59590
52053
30500
29867
59854
101132
29241
1290
130137
65911
8343
67741
29165
244868
130648
227256
68935
245788
129265
227392
29536
68834
773
246050
130318
31388
29770
130247
227456
8334
31678
196629
130843
227512
7166
69010
245475
59970
227557
9916
30199
59997
101410
7373
31788
27038
245928
100544
32188
7509
1999
29344
246404
129837
203226
29887
245088
101470
7127
67271
59695
50391
8349
68750
27516
246529
59846
32178
30302
246623
130411
29871
245951
60054
101531
228044
7664
68304
246108
59935
131118
228084
32391
29958
246779
228121
66831
28839
