79851
40325
79633
134887
134887
42921
174305
42308
134887
328064
79598
42172
174305
11102
90764
134887
9480
89551
174305
303187
91948
172156
11847
40325
134887
39551
38281
174305
303187
38103
172916
39890
328064
169020
31448
327972
79610
134659
40325
79693
134887
38246
91770
1032
328064
302773
11102
91871
11102
91837
40244
293788
89117
40277
87747
39363
327888
91312
39787
328064
79851
39578
328064
79851
39578
1301
173351
11102
91946
261980
170249
11102
91976
39575
134848
91286
38691
327447
79851
91231
40325
328064
78564
13093
38651
327888
79851
37681
40325
328064
74827
91755
38979
325944
172741
270380
39806
326162
174305
303187
29853
1731
79851
24976
40173
328064
79851
134887
37585
1740
79851
134887
39086
1734
174305
275493
11102
328064
79006
132704
42747
40325
79851
134790
66005
38069
79851
10186
88008
39139
79571
10739
1658
36456
303187
42382
40325
328064
79851
42921
91970
40047
79851
294376
41404
39266
79095
91976
924
328064
173418
296815
9803
11092
327569
174305
42921
39696
40325
327621
79851
174083
467
31529
328064
78106
25003
90976
39392
327621
79851
25003
4170
36148
328064
77332
173183
91976
42781
39819
78392
174305
303187
5209
37972
79851
173240
11102
42921
40325
79851
174305
9704
1961
38333
77851
303187
91976
1032
39578
79851
91976
1032
40325
328064
79736
91976
1032
39871
1725
79400
66973
11102
91489
36624
327982
79851
91976
10186
13246
37483
327650
79851
174305
11102
91976
38978
328064
79851
172753
9802
12383
37520
261736
79851
8362
11102
11546
40325
328064
79851
134887
9811
42188
36029
327434
173883
287306
10894
7004
40325
326124
134487
69427
11102
10286
38753
328064
173652
88076
11102
90377
38951
326743
133715
42921
10006
2637
39081
328064
79851
174305
303187
11102
91976
327152
79851
134887
303187
10186
90825
327234
78900
173719
303187
11102
11552
260436
79851
174305
91976
11102
91976
33691
77656
134887
1043
11102
91908
328064
79851
174005
283760
11102
41884
2166
79851
174305
303187
41177
40325
328064
79851
134204
303187
40095
39111
328064
79851
174305
91976
41710
37698
262116
78870
174305
303187
12978
39438
33691
79851
174305
303187
13104
40325
327621
79663
134887
303187
11912
39061
327982
173677
41703
39730
134887
90634
40325
172293
303187
39444
174305
303187
39903
173428
39728
327152
174305
36356
327569
134887
91976
39808
328064
79851
172545
40000
79610
134659
40325
303187
91779
39563
275240
90920
37426
298908
91624
40051
303187
88880
38341
46927
40325
328064
91976
38765
328064
174305
303187
91976
327888
133397
300288
91976
262116
173735
12175
39981
328064
174305
42871
38951
327650
134887
42921
39321
328064
174305
41900
39426
328064
134258
87807
40325
327888
79593
42661
40325
328064
79851
42786
39882
328064
174305
298789
39462
328064
134490
303187
40186
328064
171115
91976
36820
328064
77535
24733
40325
33690
79851
24976
40173
328064
134887
303187
9794
91976
326887
134887
303187
10423
91976
328064
174305
272988
10032
91976
327650
174305
303187
9549
91976
327152
79851
173540
303187
39348
78855
174305
87423
36998
77918
171069
303187
39993
79851
8362
295642
40068
302416
42921
39247
262116
286515
42238
37542
324656
79511
69427
40611
39923
79851
303005
91624
39783
79007
84319
12416
38877
79851
300197
47755
40325
79851
303187
13179
40287
79654
303187
39835
327234
78917
42921
35771
327888
79851
303187
40325
328064
134887
303187
9187
13091
262116
173418
296815
9803
11092
327569
173566
303187
11102
42104
262116
173857
300455
10186
91618
39369
8362
299045
41710
37636
1744
174305
87524
42533
37714
1651
77704
174305
303187
37062
1740
79851
134887
293922
12275
20197
79851
134887
303187
879
40325
79851
169311
303187
13007
39532
79851
174263
8776
41030
40325
79206
91489
1032
40325
328064
77692
174305
9994
90003
40325
328064
78544
134887
303187
9721
12741
40325
324079
79851
174305
303187
10186
90613
40325
328064
79851
134602
302524
10805
42747
40325
327186
75910
172996
303187
10186
12613
40325
261476
79683
174305
303187
42921
39856
328064
174305
69427
10607
42703
40221
327186
173805
291664
10593
91083
40325
328064
