54040
119405
207687
8897
27016
23125
196296
28892
25721
222435
62554
27237
224730
207704
28968
27620
224735
54704
62485
27625
224735
92254
62516
26522
224335
92282
62107
27620
54707
119200
194431
7613
28630
1484
54141
57853
8521
26615
54703
29390
63012
27433
54704
119385
63042
7614
63025
23137
54705
118635
7614
29346
27622
54598
92286
26187
53350
207695
63020
710
27101
117155
63033
25223
224695
118441
27316
224694
91994
207711
27507
224689
92272
27044
26209
119381
24899
224392
188518
62298
25654
51294
62863
26720
223306
53530
17142
62337
26961
224398
91864
60161
27610
224588
54465
47430
27761
27338
119383
29328
26670
224420
119372
28896
119372
186971
6876
63023
224416
54706
92283
6724
28865
24666
224301
119076
196815
7467
4794
27599
223354
54705
119225
323
21554
224701
54694
115921
207684
8930
27060
54692
63083
6994
9093
25668
224412
54688
207691
27609
224692
119352
207688
6571
63009
224108
54688
17131
2862
24767
224696
54690
118825
207676
26935
54693
119352
7623
63001
26683
224699
54695
5812
202503
27431
51994
118474
207667
6998
8654
27602
178924
91250
205699
63010
179347
92255
29284
53271
119333
207647
25381
1184
54700
207648
9042
27571
119335
29400
27150
27602
224396
117857
8123
27603
119322
204662
27010
224692
54698
119322
6663
1337
26291
32222
27604
224687
207653
60892
26252
54534
29158
27605
224691
7621
62896
27547
54705
29238
27306
224699
118742
27189
224118
54708
27606
62869
711
224702
54153
90719
29147
27594
54719
27077
892
54720
92161
45088
26047
207354
7620
62934
119321
7619
62175
54724
119342
207625
8981
27594
224415
54597
92240
207626
8167
26739
224683
119342
207629
27315
119019
199766
7282
62383
27602
224732
119361
207644
62987
224631
201257
61055
27573
92276
207648
6728
62999
223926
119009
8371
27376
224754
207127
29345
26870
179437
54404
45718
7623
62651
25068
224705
54701
92297
25770
1189
53828
92311
207649
6670
8756
27620
222107
119399
207647
26102
204731
62734
27434
92317
207650
7141
62971
224762
92051
47389
7622
7074
26559
224764
54051
119009
207643
7621
7960
178261
53830
9009
26500
224640
92318
6513
61337
54070
29260
24492
224635
53003
118646
63101
29240
27265
60124
26942
224646
54688
92135
207190
7399
29189
27618
224138
118351
185217
27267
223426
54685
17137
27508
224740
54682
119416
63093
28502
25823
179424
54555
207662
27287
224218
119393
47373
7253
29186
27542
224136
116614
7621
63006
27125
54532
92172
27624
54695
92325
207651
604
27622
54028
119388
60020
25339
119397
207653
62966
54526
28825
53237
119397
6860
61618
27625
224701
54684
92341
207630
6997
62221
224177
5772
204839
28523
25799
1190
119362
188744
7616
224717
54689
119370
207660
28174
27628
224710
54533
92184
27626
54688
92333
26773
1182
118740
7613
62966
179308
119079
205808
6990
62729
26979
62987
26594
224725
92331
224732
119377
28637
26995
224726
91556
29317
6856
1826
26782
224712
54547
92338
115754
21501
224647
54575
119368
207661
29330
27298
224699
118954
28512
27208
54679
119342
6017
28059
27626
54696
6986
60286
26812
118770
203316
6725
7650
224401
54699
201656
28315
26905
54519
7355
1139
24995
54704
91851
207639
27402
26817
224699
54707
119371
207655
6984
62035
27617
224677
53719
119364
207646
3562
26008
54695
118325
6707
8552
25723
179182
207669
62851
27118
54201
63131
633
224703
118006
207675
27037
119376
60147
29076
25857
1132
119376
207662
20434
1180
118942
60489
7611
61883
26687
223771
92328
29332
26970
224694
118873
207681
7611
28789
179425
118781
203381
6727
7662
224389
53117
16947
27636
23118
54698
118198
27419
54697
92330
201376
8482
13908
53413
117166
207680
27407
54705
205697
32764
27632
54705
207545
62753
27229
54703
27127
224702
54705
17107
27520
224699
92359
62989
27283
224702
92359
207683
6291
9024
179435
54698
119406
207698
7612
62990
224123
54703
25734
27627
224712
54702
62989
709
27626
224717
54629
62990
709
27299
1177
53191
92383
708
7611
62942
224722
54702
5746
7610
7961
27625
224721
54265
62659
708
27625
224727
