79851
10220614
1458075
1709781
7491903
428612
699302
481420
698213
780683
329207
1018612
315516
3636
10223864
245567
950577
63500
10895
251068
26848
2488080
144017
4582
176213
25033
394492
16049150
596487
232064316
102890467
19402569
6299
593169291
3169724
52313
1633681
105742741
2034610
28572
1717
897718
7661811
6891116
6272
454094
5906203584
224
397845184
9812
86993469
228748307
913441
4801
14413
15887370
5091
17849233970
88962973
11947976
868742
109961
1501690
2515046
33955
2630146
469
1112747282
107676740
80052528
58623592
1582060
1639421
38686327
3812589
434967
5982882
57640723
2870375
1459345
36226091
1771584
2323452
10993951
10862842
209182
758411
10223864
1359217
18258741
4230153
155561
2162683
1100297
4254157
2016238
56401480
40855663
1490297
304974
410411
2809424
3778084
11075893
183537163
569476
537352263
593169291
978405
1104151
1957551
1839326
18382871
19424781
43927632
986987
354388
554302
1936953
11644453951
1116000
11206879551
154355934
6351775
56205
3136348028
490921
454094
914532
35205
2863626
96484
13971410
16698
2263957167
255355807
296172
15677331
4232319
113925678
312148706
299574955
155696936
18762969
436286
1571167
