586531
121798
841916
195526
4013434
82049
15339268
107676
219461
1752965
4616292
143429
77046
2283
115361
88084
37702779
109312
3998924
7215506
26974182
47937260
95878
377504
7985924
779565
297351
191009
293403
0
34382634
1380947
683906067
271981
1891
3544747
885972
218748
13414259
442750
674732
3163582
38896276
263575684
261759
2278509
560
757096
49735
555820
3487
429348
4092143
37325
625507
23844888
1571
488560
20615
219518
5154826
289430
777298
164254
938711
79067
161769
16580974
77608
2318014007
686210
10916046
341132
1549226
182122
1680
8630759
118696
156179
12193
13239467
7878
24734562
3463788
158863681
48041
1175864
48512
5613
3929051
59460515
5118402
224228
202698
408548
11463011
458530
371783
3784878
3942412
11429
42192
5082
316872
3510385
65072
51
4684003
1293
1871117
402712
37869
6969
73665
1222644
456
417664
27339025
23183028
107038
392787
1592
553762
10690
1171
304145
362921
154829
74095
104792676
217018
2014
8332933
1959521389
2040659727
40952
116416628
46707
89534
132933928
52649443
2624966
938
311431
12292
2591592
