73438
2121
165345
6397386
96736
1035
101098
179671
20138563
103065
4824
10879804
280665
12887376
12471970
4243205
1167
4101390
9088
15388267
61254914
570444
21
1055
804157
4350378
10635
4081108
2808986
981247
101247
2778744
100067043
610391
104373
101994
653732327
178798
7965577
267218
193710511
53527
3483626404
283156
407570
90865
436676
944034
8566494
1758558
3074011
40444916
3306
297745
57373
4845267
3022
61906552
19529862
233770
178118257
964886
193103
18971479
117915
6198903
147811
4422740
79179
271670
311479
514344
5640005
1704463
816519
401203
719061
1277754
43777
189139
8399
70515833
1552
701278
1059261
1883
539698810
611
7633
2344768
5814985
14354
558300
11115989
142789
327386
1977938
34386075
59800
14472
8491
1753245654
3245239
30063283
2494112
134367
315486
66932
15777
122007
667148
245674
182665399
499939
986942
19656093
3767153596
278412
26438
330665
59591643
163562589
4571
416600
145264
15546589
626532
18401
380905
1352663
731087
248344
640420
223066
473799
47720516
328789
36
5582289
218616
2872049451
901639
4435162
19151779
3452922
66151
