688991
319674
423917
474079
507430
17033
277554
56660
172855
101901
886378933
164142
12802938
2005
18160207
348018
37632618
62782
22261540
1501754
6013310
344522
3457404
572
183662
36143236
202683922
504478
100366
242826
2816463
43235
52471
556834
558358
29781925
62908
601694
681975
185782
105143
7438
1157890
87698316
760611
7831
25877
103936
2461
159631
2990
4769163
1252067385
831464161
1648
3862099
38785311
24733240
348441
337628
461959
213621
128576
1821
58487765
128847
45113401
3960418
3460860124
462725
129030
13567902
4381057062
4793506
75951
6230835
65196
140
4103734
286389
201756
19775406
20318146
4632
1447
8600
5004874
209438
5385880
916637
1509
239655
205842072
72593586
5023855
435297
9367135
142265
796572
103874
710521
212459715
15987
216871
99019
4104070
1419510
592949
2524949
5777813
106728
314029
4847503
15822490
10209
330473
75002825
2085808
4183301440
18494940
248821
10925344
181467172
60705069
344483
4272542
8397607
188132
1370388
2280769
89036
20697
912
2609021
954939
3017
54
984917
21822175
12178
471502
493157
742959
1180458
1095231
20336
