**************** upd_heavy ****************
[133, 21, 139, 31, 29, 14, 5, 117, 80, 82, 33, 44, 70, 85, 130, 134, 135, 137, 140]
res/20240422/use_query_bitmap_epoch80/e2e/ALECE_STATS_upd_upd.txt
******* use_query_bitmap_epoch80 *******
%99 32.05486505681818
%95 3.513640346906043
%90 1.9776864855142342
%50 1.1405441724112308
524.2808837890625 78499875.0
msk: 5.483 5.599 8.124 9.258 9.420 9.634 23.745 106.509 1013.399 149728.662 
ratio= 0.9788705339992316
res/20240422/baseline_epoch20/e2e/ALECE_STATS_upd_upd.txt
******* baseline_epoch20 *******
%99 78.930676192761
%95 14.459704811766871
%90 6.929533136792108
%50 2.425914585012087
7038.7724609375 78499875.0
msk: 19.965 21.922 32.427 33.502 38.203 50.122 58.760 70.377 753.552 11152.495 
ratio= 0.9289281598155974
res/20240422/pg/e2e/ALECE_STATS_upd_upd.txt
**************** ins_heavy ****************
[42, 32, 116, 40, 115, 22, 66, 9, 58, 125, 33, 37, 41, 43, 61, 87, 102, 113, 117, 122, 141]
res/20240422/use_query_bitmap_epoch80/e2e/ALECE_STATS_ins_ins.txt
******* use_query_bitmap_epoch80 *******
%99 28.000848277580623
%95 5.685874562355283
%90 3.1086515660525094
%50 1.7621416338206541
7187.08740234375 637543.0
msk: 19.802 20.773 25.628 28.691 29.463 59.898 60.225 67.470 77.587 88.707 
ratio= 0.9719554360353438
res/20240422/baseline_epoch20/e2e/ALECE_STATS_ins_ins.txt
******* baseline_epoch20 *******
%99 90.56719527832252
%95 15.072826394818343
%90 8.553380383661205
%50 2.195248706482089
582554816.0 211803508366.0
msk: 83.010 86.426 88.424 111.141 152.532 163.124 208.425 218.646 272.144 363.577 
ratio= 0.9181713407606608
res/20240422/pg/e2e/ALECE_STATS_ins_ins.txt
**************** dist_shift ****************
[118, 43, 101, 82, 136, 24, 65, 81, 18, 138, 11, 27, 53, 54, 69, 73, 93, 102, 119, 123]
res/20240422/use_query_bitmap_epoch80/e2e/ALECE_STATS_dist_dist.txt
******* use_query_bitmap_epoch80 *******
%99 43.80774163286025
%95 6.147879799282584
%90 3.572792008619434
%50 1.5066980837734216
32183864.0 1252067385.0
msk: 7.891 7.993 9.376 10.090 10.541 15.108 17.370 17.405 19.381 38.904 
ratio= 0.9715712639262389
res/20240422/baseline_epoch20/e2e/ALECE_STATS_dist_dist.txt
******* baseline_epoch20 *******
%99 81.311625870854
%95 14.12642507507915
%90 6.898596710209024
%50 1.895277054216082
9244888.0 3017.0
msk: 24.194 24.697 29.730 42.452 60.718 66.169 74.456 522.125 533.358 3064.265 
ratio= 0.9320015366884364
res/20240422/pg/e2e/ALECE_STATS_dist_dist.txt
**************** static ****************
[48, 119, 58, 121, 142, 47, 139, 69, 105, 50, 30, 31, 34, 38, 47, 49, 52, 58, 68, 69, 105, 107, 108, 120, 122, 123, 126, 135, 136, 140, 141, 142, 143]
res/20240422/use_query_bitmap_epoch80/e2e/ALECE_STATS_static.txt
******* use_query_bitmap_epoch80 *******
%99 29.060709635416668
%95 3.6613951831240477
%90 2.140219595139852
%50 1.1463074681337837
23684446208.0 397845184.0
msk: 22.136 22.393 23.857 24.126 25.473 29.061 37.331 37.632 42.333 59.532 
ratio= 0.9754129850172878
res/20240422/baseline_epoch20/e2e/ALECE_STATS_static.txt
******* baseline_epoch20 *******
%99 105.10623182463576
%95 16.642291606452794
%90 8.727101943985248
%50 2.1605823710030423
2366955.25 56.0
msk: 149.322 160.949 195.823 207.517 221.315 1209.902 1456.436 1534.784 27541.817 42267.058 
ratio= 0.9120245870149827
res/20240422/pg/e2e/ALECE_STATS_static.txt
