**************** upd_heavy ****************
[133, 21, 139, 31, 29, 14, 5, 117, 80, 82, 33, 44, 70, 85, 130, 134, 135, 137, 140]
******* 3 *******
109.748 115.008 146.425 165.162 170.244 316.414 400.215 404.179 595.115 5008.836 
ratio= 0.609296965040338
******* 4 *******
13.836 16.046 16.283 19.052 33.060 54.993 57.919 99.976 798.540 2303.761 
ratio= 0.9500576258163658
******* 6 *******
8.152 9.826 13.221 17.066 32.517 36.339 39.600 67.184 620.459 4434.977 
ratio= 0.9761813292354975
******* 8 *******
10.005 10.307 12.970 24.026 33.606 37.278 38.261 75.846 636.037 4782.683 
ratio= 0.971187091817134
******* 9 *******
6.844 7.342 9.687 28.446 44.021 46.677 52.234 100.278 908.166 3814.124 
ratio= 0.981175566653861
******* 16 *******
7.466 7.577 8.107 17.385 30.618 51.956 76.840 179.919 1507.758 4152.484 
ratio= 0.9769496734537073
******* 18 *******
7.418 8.058 12.579 16.366 18.238 127.453 187.124 445.013 1693.908 3741.213 
ratio= 0.9773338455628121
******* 20 *******
13.663 13.770 16.872 17.584 47.500 93.538 138.170 320.097 2242.090 2692.220 
ratio= 0.9723396081444488
******* 27 *******
8.963 10.900 12.607 12.733 18.364 87.577 128.218 306.753 2435.571 2556.911 
ratio= 0.9754129850172878
******* 36 *******
9.643 10.946 14.321 14.790 15.800 101.442 155.773 361.474 1884.437 2954.308 
ratio= 0.9765655013446024
******* 37 *******
12.552 13.103 13.883 17.173 21.427 107.116 165.431 341.183 1566.197 2766.781 
ratio= 0.9765655013446024
******* 43 *******
13.621 14.221 14.332 17.018 21.697 86.768 148.751 240.111 1684.876 2153.707 
ratio= 0.9731079523626585
******* 57 *******
9.165 9.979 10.160 10.394 19.225 44.403 72.790 124.221 995.827 1828.992 
ratio= 0.977718017671917
******* 60 *******
7.094 7.425 8.780 12.077 27.352 199.610 289.642 342.057 651.699 3205.679 
ratio= 0.9769496734537073
******* 61 *******
7.240 8.265 11.441 11.947 20.965 88.930 120.675 152.867 1112.758 1393.670 
ratio= 0.977718017671917
******* 62 *******
7.726 8.528 9.447 11.383 23.347 40.205 55.685 95.144 855.112 3186.813 
ratio= 0.9769496734537073
******* 66 *******
9.151 9.443 10.124 13.372 14.269 21.094 43.934 74.051 366.521 8687.030 
ratio= 0.9765655013446024
**************** ins_heavy ****************
[42, 32, 116, 40, 115, 22, 66, 9, 58, 125, 33, 37, 41, 43, 61, 87, 102, 113, 117, 122, 141]
******* 3 *******
33.695 34.475 40.204 49.306 50.524 139.752 142.569 146.358 201.786 272.077 
ratio= 0.9611986169804072
******* 4 *******
95.242 117.399 134.313 139.568 145.832 161.917 265.103 403.301 466.755 606.206 
ratio= 0.9104878985785632
******* 8 *******
32.124 38.559 44.407 48.174 64.585 72.126 77.414 82.102 99.414 140.346 
ratio= 0.9531310026892048
******* 23 *******
58.891 78.389 81.802 88.885 97.507 101.162 162.347 197.723 283.716 625.027 
ratio= 0.8689973107952362
******* 25 *******
22.321 24.030 27.029 46.915 48.171 65.839 75.170 91.635 93.288 97.378 
ratio= 0.971187091817134
******* 31 *******
37.634 39.792 43.377 52.447 54.619 58.333 88.049 94.510 96.234 212.850 
ratio= 0.9750288129081829
******* 37 *******
23.637 25.674 25.922 51.606 52.433 56.095 68.498 86.748 99.964 111.602 
ratio= 0.9734921244717634
******* 38 *******
22.328 23.944 28.914 29.702 32.206 32.476 69.751 83.179 135.717 138.173 
ratio= 0.9723396081444488
******* 44 *******
31.036 36.872 37.110 39.469 100.371 190.876 234.722 263.361 323.763 352.336 
ratio= 0.9700345754898194
******* 47 *******
19.299 20.110 24.302 40.528 43.094 62.399 108.681 121.082 135.121 175.862 
ratio= 0.9769496734537073
******* 48 *******
27.949 30.761 35.588 47.558 51.035 116.654 118.748 220.713 397.354 1119.326 
ratio= 0.9731079523626585
******* 55 *******
29.623 39.576 40.159 48.619 87.828 114.242 120.987 121.521 141.349 295.796 
ratio= 0.968113714944295
******* 59 *******
13.492 13.698 19.395 21.340 24.649 35.162 48.909 49.952 60.223 84.551 
ratio= 0.9742604686899731
******* 68 *******
15.180 19.202 20.700 22.460 66.469 112.129 128.151 132.579 152.177 294.175 
ratio= 0.9727237802535535
******* 72 *******
17.861 22.072 25.367 25.916 72.816 92.341 126.340 138.838 182.110 267.356 
ratio= 0.9754129850172878
******* 73 *******
28.367 29.982 30.476 31.467 35.943 89.320 95.988 118.794 176.281 424.154 
ratio= 0.9731079523626585
******* 76 *******
16.979 19.951 21.076 21.975 24.293 26.137 42.153 56.586 103.528 391.792 
ratio= 0.9708029197080292
**************** dist_shift ****************
[118, 43, 101, 82, 136, 24, 65, 81, 18, 138, 11, 27, 53, 54, 69, 73, 93, 102, 119, 123]
******* 3 *******
18.074 20.308 21.400 23.449 24.477 25.307 26.859 27.696 35.582 48.362 
ratio= 0.952362658470995
******* 4 *******
35.908 37.765 40.211 42.350 62.044 62.595 65.461 76.092 79.238 118.021 
ratio= 0.8713023434498656
******* 7 *******
17.044 17.878 18.661 20.020 23.394 24.475 25.569 33.224 51.961 59.148 
ratio= 0.9454475605071072
******* 9 *******
28.159 29.656 30.187 34.863 41.816 42.211 43.544 45.408 72.729 260.304 
ratio= 0.9147137917787168
******* 12 *******
39.615 48.056 48.428 50.613 54.455 57.315 66.261 74.597 105.357 330.474 
ratio= 0.8797541298501729
******* 26 *******
14.572 16.009 16.092 16.389 17.112 19.710 20.507 22.341 24.651 29.669 
ratio= 0.9258547829427584
******* 31 *******
11.020 11.171 11.210 11.685 14.189 14.914 15.222 15.296 26.298 36.805 
ratio= 0.952362658470995
******* 39 *******
19.599 19.957 24.079 33.047 37.909 44.234 55.883 71.028 97.236 105.273 
ratio= 0.9089512101421436
******* 41 *******
10.475 11.143 11.238 11.506 11.593 13.005 15.410 16.346 19.506 22.467 
ratio= 0.9585094122166731
******* 43 *******
16.342 16.687 18.420 19.699 20.018 22.420 24.099 28.214 34.985 43.462 
ratio= 0.9531310026892048
******* 47 *******
6.663 6.670 7.085 7.436 10.407 10.868 11.093 15.380 18.005 34.576 
ratio= 0.9696504033807145
******* 48 *******
5.438 5.635 5.950 6.670 8.122 8.648 8.899 9.804 10.644 10.817 
ratio= 0.9734921244717634
******* 55 *******
6.217 6.670 6.882 7.002 8.626 9.712 10.053 12.034 15.300 15.834 
ratio= 0.9719554360353438
******* 56 *******
10.790 11.283 11.816 12.385 12.488 12.852 13.371 17.649 33.060 34.154 
ratio= 0.9592777564348828
******* 57 *******
5.173 5.352 5.842 5.950 6.670 6.844 14.933 22.001 29.590 32.530 
ratio= 0.9696504033807145
******* 61 *******
5.950 5.964 6.364 6.548 6.670 6.765 7.356 7.590 7.692 8.632 
ratio= 0.9754129850172878
******* 62 *******
5.671 5.860 5.990 6.233 6.496 6.670 6.970 7.361 7.609 9.163 
ratio= 0.9738762965808683
******* 65 *******
7.028 7.431 8.473 8.701 8.850 10.350 11.649 12.675 14.099 16.372 
ratio= 0.968113714944295
******* 67 *******
4.888 5.069 5.172 5.207 5.764 6.007 6.670 8.889 10.776 10.973 
ratio= 0.9761813292354975
******* 69 *******
7.989 8.059 8.706 9.778 10.754 12.862 13.252 13.507 15.319 17.416 
ratio= 0.968113714944295
**************** static ****************
[48, 119, 58, 121, 142, 47, 139, 69, 105, 50, 30, 31, 34, 38, 47, 49, 52, 58, 68, 69, 105, 107, 108, 120, 122, 123, 126, 135, 136, 140, 141, 142, 143]
******* 3 *******
123.135 132.573 165.431 183.817 400.138 465.546 2436.170 5400.110 14555.032 116647.054 
ratio= 0.9362274298885901
******* 4 *******
56.930 117.465 124.275 176.186 254.550 290.204 571.455 782.259 3746.783 16368.267 
ratio= 0.9473684210526315
******* 7 *******
55.640 56.346 73.815 125.111 156.754 206.981 238.678 286.508 476.835 2737.493 
ratio= 0.9427583557433731
******* 11 *******
52.130 55.301 65.139 74.221 121.778 136.414 142.632 168.757 193.155 351.709 
ratio= 0.9673453707260853
******* 16 *******
42.877 54.185 55.328 63.165 72.245 82.744 106.430 113.185 138.042 142.544 
ratio= 0.9665770265078756
******* 18 *******
48.566 51.825 53.845 57.867 66.527 78.049 84.524 96.799 211.292 395.946 
ratio= 0.9573568958893585
******* 22 *******
52.510 65.016 78.081 78.081 78.873 79.756 98.132 115.517 185.129 473.065 
ratio= 0.9423741836342682
******* 54 *******
22.136 22.393 23.895 27.838 28.458 30.858 34.470 36.546 83.945 92.980 
ratio= 0.9731079523626585
******* 73 *******
27.082 31.695 36.534 39.674 43.604 44.880 45.373 48.350 59.900 78.972 
ratio= 0.9738762965808683
******* 74 *******
22.393 25.029 32.331 33.168 36.058 40.548 48.091 55.362 65.960 81.023 
ratio= 0.9731079523626585
******* 76 *******
25.436 28.908 29.420 29.853 30.130 31.441 34.169 38.699 42.073 45.464 
ratio= 0.9738762965808683
